Before: 29 141 178 100 193 26 87 102 169 130 184 182 162 168 125 122 57 61 93 35 151 135 36 67 130 165 183 129 13 13 
1: 29 141 178 100 193 26 87 102 169 130 184 182 162 168 125 122 57 61 93 35 151 135 36 67 130 165 183 129 13 13 
2: 141 29 178 100 193 26 102 87 169 130 184 182 168 162 125 122 61 57 93 35 151 135 67 36 165 130 183 129 13 13 
4: 178 100 141 29 193 26 102 87 184 182 169 130 168 162 125 122 93 35 61 57 151 135 67 36 183 129 165 130 13 13 
8: 193 26 102 87 178 100 141 29 184 182 169 130 168 162 125 122 151 135 67 36 93 35 61 57 183 129 165 130 13 13 
vec : 193 26 102 87 178 100 141 29 184 182 169 130 168 162 125 122 151 135 67 36 93 35 61 57 183 129 165 130 13 13 
size: 8
finish: 184 182 169 130 168 162 125 122 193 26 102 87 178 100 141 29 
remainingNumbers : 
vec : 184 182 169 130 168 162 125 122 193 26 102 87 178 100 141 29 
size: 4
finish: 168 162 125 122 178 100 141 29 184 182 169 130 193 26 102 87 
remainingNumbers : 
vec : 168 162 125 122 178 100 141 29 184 182 169 130 193 26 102 87 
size: 2
finish: 102 87 125 122 141 29 168 162 169 130 178 100 184 182 193 26 
remainingNumbers : 
vec : 102 87 125 122 141 29 168 162 169 130 178 100 184 182 193 26 
size: 1
finish: 26 29 87 100 102 122 125 130 141 162 168 169 182 178 184 193 
remainingNumbers : 
After: 26 29 87 100 102 122 125 130 141 162 168 169 182 178 184 193 
error